---------SpMM---------
bcsstk38 = 1.04596
cca = 2.17748
cfd1 = 3.21037
Chevron3_4x16_1 = 5.46728
conf5_0-4x4-18 = 0.18913
crystk01_2x16_1 = 0.96075
EX1_8x8_4 = 1.11096
mhd4800a = 0.41731
msc10848 = 1.34067
NACA0015_16x8_9 = 4.45408
nemspmm1_16x4_0 = 0.7756
net100 = 4.22962
net150 = 4.0347
pf2177 = 0.74872
t2dal_a_8x4_3 = 1.70149
Trec6_16x16_9 = 1.43838
Trefethen_20000 = 1.1111
vanbody = 2.74982
vibrobox_1x1_0 = 4.71138
---------SpMV---------
bcsstk38 = 0.00894
cca = 0.01883
cfd1 = 0.07986
Chevron3_4x16_1 = 0.05058
conf5_0-4x4-18 = 0.00723
crystk01_2x16_1 = 0.01272
EX1_8x8_4 = 0.01445
mhd4800a = 0.00668
msc10848 = 0.02416
NACA0015_16x8_9 = 0.05308
nemspmm1_16x4_0 = 0.01189
net100 = 0.03689
net150 = 0.07453
pf2177 = 0.17698
t2dal_a_8x4_3 = 0.03464
Trec6_16x16_9 = 0.04128
Trefethen_20000 = 0.03188
vanbody = 0.07297
vibrobox_1x1_0 = 0.10204
