---------SpMM---------
bcsstk38 = 2.69501
mhd4800a = 0.91845
conf5_0-4x4-18 = 0.92282
cca = 2.60324
Trefethen_20000 = 4.66357
pf2177 = 5.42216
msc10848 = 8.16525
cfd1 = 16.6859
net100 = 19.3355
vanbody = 18.9202
net150 = 30.5694
Chevron3_4x16_1 = 38.3001
vibrobox_1x1_0 = 37.8391
NACA0015_16x8_9 = 27.7341
nemspmm1_16x4_0 = 4.30934
Trec6_16x16_9 = 3.06472
crystk01_2x16_1 = 6.23984
t2dal_a_8x4_3 = 9.90717
EX1_8x8_4 = 7.06476
---------SpMV---------
bcsstk38 = 0.03346
mhd4800a = 0.00913
conf5_0-4x4-18 = 0.01027
cca = 0.02793
Trefethen_20000 = 0.04879
pf2177 = 0.08908
msc10848 = 0.11796
cfd1 = 0.19228
net100 = 0.37403
vanbody = 0.28197
net150 = 0.88475
Chevron3_4x16_1 = 0.85938
vibrobox_1x1_0 = 0.81521
NACA0015_16x8_9 = 0.5493
nemspmm1_16x4_0 = 0.0551
Trec6_16x16_9 = 0.0715
crystk01_2x16_1 = 0.08096
t2dal_a_8x4_3 = 0.11638
EX1_8x8_4 = 0.10823
