---------SpMM---------
bcsstk38 = 3.05683
cca = 1.57985
cfd1 = 9.75709
Chevron3_4x16_1 = 21.5964
conf5_0-4x4-18 = 0.57944
crystk01_2x16_1 = 4.0133
EX1_8x8_4 = 4.49215
mhd4800a = 0.56303
msc10848 = 5.14801
NACA0015_16x8_9 = 15.8275
nemspmm1_16x4_0 = 2.74801
net100 = 12.8738
net150 = 18.7113
pf2177 = 3.2824
t2dal_a_8x4_3 = 6.06953
Trec6_16x16_9 = 1.56635
Trefethen_20000 = 2.85728
vanbody = 10.3504
vibrobox_1x1_0 = 22.2639
---------SpMV---------
bcsstk38 = 0.03307
cca = 0.03399
cfd1 = 0.14795
Chevron3_4x16_1 = 0.29645
conf5_0-4x4-18 = 0.00905
crystk01_2x16_1 = 0.06124
EX1_8x8_4 = 0.08699
mhd4800a = 0.00884
msc10848 = 0.07772
NACA0015_16x8_9 = 0.17582
nemspmm1_16x4_0 = 0.04393
net100 = 0.21707
net150 = 0.46464
pf2177 = 0.08643
t2dal_a_8x4_3 = 0.07943
Trec6_16x16_9 = 0.10523
Trefethen_20000 = 0.03539
vanbody = 0.14493
vibrobox_1x1_0 = 0.4581
